A	T	C	G
0.228	0.371	0.251	0.150
0.214	0.381	0.255	0.150
0.200	0.395	0.258	0.148
0.180	0.408	0.264	0.147
0.161	0.427	0.269	0.142
0.146	0.443	0.272	0.139
0.134	0.456	0.276	0.134
0.122	0.466	0.284	0.129
0.112	0.485	0.281	0.122
0.103	0.503	0.278	0.116
0.094	0.521	0.280	0.106
0.085	0.555	0.260	0.101
0.087	0.522	0.283	0.107
0.098	0.495	0.294	0.113
0.107	0.464	0.325	0.104
0.114	0.462	0.335	0.089
0.085	0.509	0.344	0.062
0.087	0.555	0.297	0.061
0.239	0.285	0.272	0.204
0.057	0.295	0.646	0.002
1.000	0.000	0.000	0.000
0.000	0.000	0.000	1.000
